start=176.105558
pause=yes
volume=76.000000
gamma=1
brightness=-3
contrast=6
saturation=-10
hue=5
