start=396.237505
pause=yes
volume=52.000000
gamma=1
brightness=-3
contrast=6
saturation=-10
hue=5
