start=244.900000
volume=46.000000
gamma=1
brightness=-3
contrast=6
saturation=-10
hue=5
