start=145.300000
pause=yes
volume=52.000000
gamma=1
brightness=-3
contrast=6
saturation=-10
hue=5
