start=172.703519
pause=yes
volume=80.000000
gamma=1
brightness=-3
contrast=6
saturation=-10
hue=5
